0 0.092000 0.148333 0.108000 0.168667
0 0.193000 0.334333 0.101000 0.194000
0 0.315750 0.316333 0.128500 0.182000
0 0.439000 0.302333 0.120000 0.178000
0 0.573750 0.291667 0.144500 0.192667
0 0.724750 0.282333 0.157500 0.208667
0 0.903750 0.277000 0.175500 0.214000
0 0.078000 0.529667 0.089000 0.135333
0 0.170500 0.521000 0.090000 0.140667
0 0.266500 0.515667 0.088000 0.122000
0 0.380250 0.504333 0.099500 0.150000
0 0.488250 0.505667 0.104500 0.138000
0 0.602000 0.508000 0.099000 0.136000
0 0.713000 0.507667 0.088000 0.111333
0 0.062000 0.686667 0.090000 0.134667
0 0.164250 0.669333 0.085500 0.133333
0 0.258000 0.675667 0.093000 0.151333
0 0.364500 0.679333 0.111000 0.161333
0 0.476250 0.679333 0.116500 0.168000
0 0.603250 0.687333 0.125500 0.184000
0 0.837250 0.649667 0.094500 0.131333
0 0.142000 0.832667 0.099000 0.150667
0 0.246250 0.854000 0.101500 0.170667
0 0.603000 0.874333 0.099000 0.139333
0 0.727000 0.831333 0.113000 0.145333
