0 0.209375 0.260417 0.137500 0.254167
0 0.604688 0.314583 0.112500 0.162500
0 0.596875 0.493750 0.112500 0.162500
0 0.443750 0.471875 0.075000 0.210417
0 0.186719 0.776042 0.110937 0.210417
0 0.495312 0.792708 0.050000 0.160417
0 0.601562 0.659375 0.103125 0.152083
0 0.780469 0.877083 0.154688 0.204167
0 0.723437 0.628125 0.103125 0.147917
0 0.611719 0.817708 0.104688 0.147917
0 0.714063 0.441667 0.112500 0.145833
0 0.819531 0.460417 0.095312 0.125000
0 0.439844 0.235417 0.070312 0.187500
0 0.448437 0.668750 0.071875 0.166667
0 0.356250 0.629167 0.062500 0.141667
0 0.339844 0.859375 0.107813 0.235417
0 0.342187 0.182292 0.071875 0.177083
