0 0.158750 0.220736 0.097500 0.127090
0 0.305000 0.210702 0.087500 0.117057
0 0.421875 0.146321 0.098750 0.125418
0 0.525000 0.142140 0.095000 0.137124
0 0.612500 0.143813 0.077500 0.117057
0 0.156250 0.505017 0.127500 0.210702
0 0.265625 0.425585 0.106250 0.175585
0 0.267500 0.602007 0.112500 0.173913
0 0.158125 0.686455 0.121250 0.155518
0 0.492500 0.775084 0.147500 0.198997
0 0.628750 0.595318 0.082500 0.110368
0 0.627500 0.489130 0.080000 0.112040
0 0.520625 0.418896 0.111250 0.138796
0 0.528125 0.282609 0.086250 0.123746
0 0.381250 0.340301 0.060000 0.075251
0 0.456250 0.337793 0.057500 0.080268
