0 0.272667 0.252669 0.089333 0.131673
0 0.386000 0.214413 0.089333 0.133452
0 0.488000 0.210854 0.101333 0.154804
0 0.611333 0.196619 0.092000 0.126335
0 0.259333 0.422598 0.097333 0.140569
0 0.440000 0.367438 0.101333 0.154804
0 0.543333 0.361210 0.105333 0.145907
0 0.666667 0.413701 0.106667 0.144128
0 0.770000 0.412811 0.084000 0.110320
0 0.656667 0.563167 0.076000 0.094306
0 0.342000 0.547153 0.084000 0.126335
0 0.247333 0.566726 0.089333 0.137011
0 0.152667 0.449288 0.076000 0.144128
0 0.157333 0.727758 0.050667 0.092527
0 0.100000 0.823843 0.050667 0.096085
0 0.886000 0.758007 0.065333 0.085409
