0 0.183333 0.412829 0.105556 0.177632
0 0.306019 0.428454 0.130556 0.245066
0 0.129630 0.573191 0.094444 0.166118
0 0.062963 0.404605 0.101852 0.187500
0 0.425463 0.400493 0.097222 0.189145
0 0.529630 0.395559 0.103704 0.189145
0 0.624537 0.356908 0.086111 0.177632
0 0.613426 0.526316 0.076852 0.151316
0 0.520370 0.574013 0.096296 0.167763
0 0.419444 0.577303 0.098148 0.177632
0 0.322685 0.638980 0.099074 0.179276
0 0.225463 0.588816 0.091667 0.164474
0 0.076852 0.719572 0.098148 0.166118
0 0.275463 0.834704 0.091667 0.175987
0 0.076389 0.880757 0.078704 0.136513
0 0.565741 0.717928 0.081481 0.136513
0 0.642130 0.664474 0.086111 0.157895
0 0.641667 0.823191 0.087037 0.159539
0 0.731481 0.833059 0.092593 0.169408
0 0.819907 0.827303 0.087963 0.184211
0 0.912500 0.763158 0.097222 0.174342
0 0.918056 0.593750 0.095370 0.161184
0 0.827315 0.653783 0.097222 0.166118
0 0.730093 0.643914 0.099074 0.199013
0 0.711111 0.439967 0.101852 0.199013
0 0.835648 0.438322 0.139815 0.245066
0 0.912500 0.166941 0.065741 0.133224
0 0.738889 0.185855 0.061111 0.111842
0 0.557407 0.160362 0.075926 0.133224
0 0.393056 0.151316 0.071296 0.125000
0 0.234259 0.172697 0.068519 0.125000
0 0.546296 0.866776 0.085185 0.154605
