0 0.123125 0.071293 0.086250 0.123574
0 0.251250 0.103612 0.075000 0.112167
0 0.358125 0.132129 0.058750 0.108365
0 0.120000 0.245247 0.087500 0.136882
0 0.253125 0.269011 0.073750 0.112167
0 0.354375 0.285171 0.066250 0.110266
0 0.358125 0.442015 0.058750 0.100760
0 0.125625 0.439163 0.083750 0.125475
0 0.482500 0.227186 0.095000 0.165399
0 0.479375 0.412548 0.096250 0.159696
0 0.579375 0.418251 0.076250 0.152091
0 0.575000 0.250000 0.080000 0.157795
0 0.576875 0.087452 0.078750 0.144487
0 0.720000 0.190114 0.085000 0.212928
0 0.673750 0.422053 0.057500 0.129278
0 0.743125 0.427757 0.056250 0.129278
0 0.839375 0.241445 0.058750 0.182510
