0 0.258125 0.314259 0.046250 0.076923
0 0.258125 0.423077 0.043750 0.080675
0 0.314375 0.414634 0.048750 0.078799
0 0.380000 0.414634 0.055000 0.090056
0 0.372500 0.276735 0.052500 0.095685
0 0.450625 0.286116 0.063750 0.106942
0 0.526875 0.394934 0.048750 0.080675
0 0.211875 0.420263 0.038750 0.075047
0 0.208750 0.515009 0.037500 0.065666
0 0.379375 0.758912 0.043750 0.073171
0 0.532500 0.765478 0.047500 0.086304
0 0.603750 0.254221 0.072500 0.114447
0 0.628125 0.481238 0.058750 0.091932
0 0.628750 0.603189 0.057500 0.088180
0 0.633125 0.717636 0.061250 0.095685
0 0.260000 0.746717 0.035000 0.060038
0 0.321250 0.760788 0.040000 0.065666
0 0.210625 0.604128 0.033750 0.071295
